Gene	HC_HC_D1	HC_HC_D3	HC_HC_D6	HC_HC_D10
Lrrc16a	0	0	0	1.026846437
Ltbp1	0	0	0	1.173243932
Huwe1	0	0	0	1.257729661
Ehd4	0	0	0	1.384679889
Sntb2	0	0	0	1.388001596
Pdgfc	0	0	0	1.437294286
Kitl	0	0	0	1.670337039
Acsl4	0	0	0	1.677882641
Ap1m1	0	0	0	1.745733398
Hyal1	0	0	0	1.769194659
Pfkp	0	0	0	1.857424965
Gipc1	0	0	0	1.882521586
Aebp1	0	0	0	2.015962459
Ccdc80	0	0	0	2.029728284
Gmppb	0	0	0	2.033018309
Oxsr1	0	0	0	2.075820467
Src	0	0	0	2.110237952
Nras	0	0	0	2.116835738
Capn1	0	0	0	2.11857795
Snap23	0	0	0	2.128081582
Cryab	0	0	0	2.135310844
Glb1	0	0	0	2.145724971
Prss35	0	0	0	2.151885635
Col3a1	0	0	0	2.152827251
Ctsf	0	0	0	2.171384416
Vta1	0	0	0	2.19314012
Abi1	0	0	0	2.218320606
1190002N15Rik	0	0	0	2.231991929
C1qb	0	0	0	2.236400451
Chmp2b	0	0	0	2.252864388
Anxa1	0	0	0	2.265177593
Smpd1	0	0	0	2.285163445
Atp6v1b2	0	0	0	2.285302549
Rab2a	0	0	0	2.293982553
Ptgr1	0	0	0	2.321365734
Pdcd2	0	0	0	2.398744828
Wasl	0	0	0	2.464903363
Gna11	0	0	0	2.478312571
Vcam1	0	0	0	2.491531741
Dcn	0	0	0	2.557083462
Tfg	0	0	0	2.623055496
Col5a2	0	0	0	2.651218421
Gnai2	0	0	0	2.651409405
Rheb	0	0	0	2.681542792
Anxa7	0	0	0	2.734875907
Stx7	0	0	0	2.77815569
Cops8	0	0	0	2.794707591
Gprc5a	0	0	0	2.801663411
Pfn2	0	0	0	2.901080768
Rpl30	0	0	0	3.02827733
S100a6	0	0	0	3.13792139
Nrg3	0	0	0	3.244505472
Dpysl3	0	0	0	3.27354892
Uchl1	0	0	0	3.976859257
Lama5	0	0	0.721721909	0
Ptprd	0	0	0.952645243	0
Epb4.1l2	0	0	0.980988915	1.959827947
Spag9	0	0	1.017762535	0
Ckb	0	0	1.121438054	3.341307519
Arpc1a	0	0	1.150851733	0
Brox	0	0	1.178728019	0
Myo1c	0	0	1.214497048	1.613558309
Serpinb9	0	0	1.30633662	0
Sema3e	0	0	1.32415432	2.524424481
Bmp4	0	0	1.330852602	1.530039439
Snx18	0	0	1.340656612	2.647441982
Tsg101	0	0	1.382458425	2.1665723
Plbd2	0	0	1.383484618	0
Dnm2	0	0	1.407475295	2.332204273
Pck2	0	0	1.408318647	0
Pamr1	0	0	1.47861987	2.7806406
Dlg1	0	0	1.479609121	1.894951282
Icam2	0	0	1.502646425	0
Csk	0	0	1.552955754	2.704328709
Fkbp4	0	0	1.554026821	2.178709315
Hdhd2	0	0	1.557601133	0
Enpp2	0	0	1.579974597	0
Ddah2	0	0	1.606539225	2.363418425
Iars	0	0	1.628362712	1.440006377
Fstl1	0	0	1.662065809	3.328779294
Nid2	0	0	1.667532431	0
Npc1	0	0	1.686640264	0
Ptpn23	0	0	1.688856597	1.476733505
Pacsin3	0	0	1.691879385	1.739114394
Ddb1	0	0	1.69245118	1.442593701
Lamp2	0	0	1.727131464	1.601670269
Vcan	0	0	1.729726113	0
Nedd4	0	0	1.735486275	2.212597952
Impdh2	0	0	1.805356202	0
Grb2	0	0	1.805661619	0
Chmp1a	0	0	1.818287648	2.398573223
Canx	0	0	1.823235883	1.568031994
Blvra	0	0	1.837452622	0
Ppp2r4	0	0	1.841937616	2.611014225
Pcsk5	0	0	1.88037137	0
Anxa4	0	0	1.905921824	2.829093161
Asna1	0	0	1.914321655	1.787845
Col4a1	0	0	1.933326364	2.879150268
Actr1a	0	0	1.941131005	0
Eif3e	0	0	1.956192638	2.267443812
Vps26a	0	0	1.965963007	1.897146993
Vps25	0	0	1.985672025	2.089243917
Fam49b	0	0	1.992188324	2.280385406
Snx9	0	0	1.99835214	0
Tgfb2	0	0	2.001375128	1.827898316
Tnpo1	0	0	2.013175434	0
Cyfip1	0	0	2.020049089	2.140067217
Gnpda1	0	0	2.029072085	2.441173095
Lmcd1	0	0	2.038477551	3.769832404
Mgat1	0	0	2.041731214	2.554121871
Cab39	0	0	2.085702175	1.652592851
Lyplal1	0	0	2.089658275	0
Gltp	0	0	2.090394635	2.719468037
Plat	0	0	2.100690905	2.84109762
Hexb	0	0	2.130799079	2.171601368
Jup	0	0	2.149646016	2.40630304
Fam20c	0	0	2.152631826	2.320471566
Bcam	0	0	2.156791206	0
Slc25a5	0	0	2.175696698	0
Nans	0	0	2.184262876	0
Ltbp2	0	0	2.192233508	2.482777946
Ahnak	0	0	2.199044366	2.786447333
4930486L24Rik	0	0	2.202927438	0
Rap1b	0	0	2.259976148	3.330577279
Npepps	0	0	2.263732083	2.365470679
Arf6	0	0	2.307782783	1.916339589
Lect2	0	0	2.309562453	0
Ahsa1	0	0	2.311753101	1.520105711
Nrp1	0	0	2.325331672	2.323325086
Arl3	0	0	2.328135239	2.942620323
Ldhb	0	0	2.330470577	2.672873542
Col6a1	0	0	2.343056761	2.434230975
Anxa3	0	0	2.353128583	2.897600941
Napa	0	0	2.358392843	2.160242815
Psmd8	0	0	2.358961734	2.261617123
Ralb	0	0	2.360237937	3.054918215
Slc9a3r2	0	0	2.363320441	0
Fuca1	0	0	2.381761882	2.397154643
Dctn2	0	0	2.389191808	2.920736879
Pgm1	0	0	2.390796426	0
Wasf2	0	0	2.398118256	1.966290019
Lpl	0	0	2.425718367	2.158335924
Ppil1	0	0	2.427317166	2.384603296
Psmd13	0	0	2.432131506	3.120279203
Pfas	0	0	2.436860748	0
Dpysl2	0	0	2.438401529	3.184162983
Rsu1	0	0	2.441214667	2.695421005
Pon3	0	0	2.445457141	2.222139844
Impa1	0	0	2.446758308	0
Eif4e	0	0	2.44869837	0
Pdgfb	0	0	2.450568487	2.395736541
Stub1	0	0	2.483199294	2.302287154
Vasp	0	0	2.489174672	2.992418111
Gyg	0	0	2.493551359	2.693672947
Gpx4	0	0	2.505348873	0
Glipr2	0	0	2.506223141	2.977866081
Arhgap1	0	0	2.509534083	3.259038507
Oaf	0	0	2.511718771	0
Ppp2cb	0	0	2.516423148	2.104613617
Chmp4b	0	0	2.518394332	2.953734432
Kpna4	0	0	2.526201054	2.622944665
Enoph1	0	0	2.534757829	0
Acot7	0	0	2.548991478	2.766927564
Cd2ap	0	0	2.560664638	2.935338631
Map2k1	0	0	2.590249394	0
Nudt5	0	0	2.59314018	0
Ccdc25	0	0	2.602058748	0
Pafah1b3	0	0	2.614495668	3.058894848
Pcolce	0	0	2.623453435	2.169815895
Pitpna	0	0	2.627161268	2.946109532
Axl	0	0	2.627931952	0
Pdcd6	0	0	2.672030093	2.006774438
Nqo1	0	0	2.706712314	3.093535266
Crk	0	0	2.718185714	0
Cdk1	0	0	2.753669705	2.993390621
Capns1	0	0	2.753787204	2.886989585
Shisa5	0	0	2.800955623	3.745884301
Psmb7	0	0	2.810832742	0
Serpinb6c	0	0	2.811360663	2.772737177
Serpine2	0	0	2.813110019	3.341541119
Bgn	0	0	2.823467006	2.952159837
Nenf	0	0	2.829302529	2.269238511
Prss23	0	0	2.844568903	3.057069519
Snrpb	0	0	2.850034088	1.887466212
Mapk3	0	0	2.888085172	3.056326858
Fabp4	0	0	2.892121013	0
Stmn1	0	0	2.904364295	3.22589155
Serpinb9b	0	0	2.916434796	3.470539339
Marcks	0	0	2.917344846	3.214817364
Lyn	0	0	2.929924936	2.786041668
Msln	0	0	2.930802777	2.89773931
Afp	0	0	2.945281429	2.847802257
Marcksl1	0	0	2.985042941	2.886927734
Wisp1	0	0	2.998832938	2.998065867
Man2b2	0	0	3.029450909	1.765469265
Greb1	0	0	3.092604432	0
Serpinb6a	0	0	3.121131323	3.221179391
Csrp1	0	0	3.122776614	2.946838259
Ufm1	0	0	3.170153575	3.294368764
Rab5a	0	0	3.172173666	2.680614435
Mapk1	0	0	3.19176614	0
Lypla1	0	0	3.202814275	0
S100a13	0	0	3.203838348	0
Sri	0	0	3.206024476	3.250777335
Nudcd2	0	0	3.217856062	0
Sh3bgrl	0	0	3.24753307	2.770743033
Psat1	0	0	3.283013977	2.744933044
Ube2n	0	0	3.291479723	3.316544278
Itm2b	0	0	3.31124971	0
Anp32b	0	0	3.357895758	3.230983026
Ube2m	0	0	3.361851623	3.630748436
Basp1	0	0	3.371625747	3.985492373
Procr	0	0	3.371879438	0
Eif2s1	0	0	3.423038368	3.253906209
Lyz2	0	0	3.51850368	0
Tax1bp3	0	0	3.568588972	3.157453589
Ppic	0	0	3.570668637	3.299820231
Cdh6	0	0	3.604424023	3.106583496
Cxcl12	0	0	3.613941717	3.641290466
Efemp1	0	0	3.751594358	3.837320416
Ube2k	0	0	3.846557052	2.567564556
Lgals1	0	0	4.315772552	3.78238967
Dsp	0	0.558102725	0	0
Col12a1	0	0.997293523	1.949513817	1.55286991
Cobll1	0	1.06563625	0.869591727	1.857170555
Stk25	0	1.23724699	2.224695835	2.370177767
Nt5e	0	1.27237568	1.48242446	0
Anpep	0	1.355358446	0	0
Ctnnb1	0	1.395387623	2.48186328	2.39766718
Dsc2	0	1.466640093	0	0
Tfrc	0	1.501597157	0	0
Xdh	0	1.597917886	0.8977378	0
Olfml3	0	1.60314815	0	0
Cops4	0	1.633439842	2.455083968	2.432723068
Iqgap1	0	1.645175909	2.123238918	2.643699173
Fat1	0	1.703197474	0.885250852	1.817019871
Myh10	0	1.703947493	2.222233731	2.467581609
Naglu	0	1.710531059	0	1.839279281
AU040320	0	1.728818398	0	0
Tgm1	0	1.760046333	0	0
Mogs	0	1.786791192	0	0
Hspg2	0	1.794647806	2.477898776	2.597331273
Adam17	0	1.798835765	1.80374657	0
2-Sep	0	1.82907178	2.760315342	3.238201942
Cdc42bpa	0	1.842659334	0	0
Pacsin2	0	1.855701408	2.890377722	2.932133474
Mgam	0	1.858513519	0	0
Man2a1	0	1.858854653	1.640368293	1.331757314
Apol9a	0	1.890676279	0	0
Lipa	0	1.903589315	2.415937793	0
Clstn1	0	1.92023263	2.102899346	1.414942695
Nhlrc3	0	1.920919699	0	0
Anxa5	0	1.921153556	3.566741382	3.449572737
Btd	0	1.921735938	1.777673996	2.625057108
Fscn1	0	1.925600986	2.735372861	3.408278874
Anxa2	0	1.92914164	3.241750118	3.627375348
Capn2	0	1.930263026	2.627354899	2.600438984
Ptprg	0	1.940344545	1.44193666	0
Adam15	0	1.995954294	2.491888748	2.113140751
Gns	0	2.018107798	2.350113381	2.810519811
Vps35	0	2.039336373	2.431921679	2.514351826
Dpp7	0	2.044692844	0	2.849997417
Pxdn	0	2.047476609	2.164008142	2.387790449
Usp14	0	2.061485003	2.495487909	2.654155112
Ptprf	0	2.061764972	2.018469264	0
Atxn10	0	2.063233777	2.59548455	1.798400547
Anxa6	0	2.063905168	1.754140228	2.632455943
Hsph1	0	2.070163942	2.109253831	2.437211859
Itih5	0	2.085315136	1.271035131	0
Ppp1r7	0	2.093295433	2.471795438	0
Gusb	0	2.106395553	0	0
Ext2	0	2.121943624	2.80536013	2.688820445
Rras2	0	2.122950717	2.586753757	2.878122085
Acot13	0	2.146084657	1.856380064	0
Ntn5	0	2.174594182	3.629177155	0
Rars	0	2.174749449	2.923330753	2.830961211
Ddx5	0	2.181797986	2.157105185	2.72430309
Itgb1	0	2.187855479	2.488306417	2.855992612
Cfh	0	2.195908148	0	0
Serpinh1	0	2.229646501	2.361740942	2.859597047
Gnas	0	2.24496781	1.587075803	2.418489235
Eps8l2	0	2.247261567	2.479887086	2.771711901
Prcp	0	2.255468898	2.443443083	2.09070664
Ldlr	0	2.264192078	2.264071331	0
Cttn	0	2.265397383	2.908515207	2.70549147
Rps9	0	2.274067116	3.545936758	2.802334275
Aplp2	0	2.283328041	3.127524729	2.668697823
Adam9	0	2.320173135	0	2.25912882
Col18a1	0	2.33634524	1.688789842	0
Arf5	0	2.345375863	3.191542944	2.522486316
Vasn	0	2.346348722	0	2.789607027
Ncl	0	2.347759752	2.948176466	2.948904552
Htra1	0	2.351407118	2.611624608	2.444097994
Flna	0	2.355712407	2.968848934	3.385322539
Phgdh	0	2.364939257	3.279183419	3.38770233
Wars	0	2.365403083	2.414669486	2.663660368
Arf4	0	2.371311597	2.730974265	2.076687004
F12	0	2.373149285	0	0
Fam3c	0	2.384400108	2.419640044	0
Edf1	0	2.403452944	3.248859984	0
Cant1	0	2.406035979	1.77326358	2.05313965
St3gal1	0	2.407179904	2.124798266	0
Hpn	0	2.41094229	0	0
Dnaja1	0	2.415065525	2.705567203	0
Uxs1	0	2.418289342	2.263833228	2.060205496
Ndrg1	0	2.446037921	2.179193792	2.682161398
Edn1	0	2.450618469	0	0
Ang	0	2.479155066	0	0
Agrn	0	2.499224069	2.647861131	0
Pepd	0	2.507110087	2.454210298	1.889891545
Sqstm1	0	2.517684341	2.590021815	2.555285511
Dsg2	0	2.522675653	2.66952049	2.75206249
Lman1	0	2.547116205	2.053325461	0
Aprt	0	2.551777526	3.124703745	2.772774914
Furin	0	2.559386461	2.003414511	0
Fth1	0	2.565828259	2.537090608	0
Adamts1	0	2.570189169	1.64909354	1.491543855
Rac2	0	2.584489635	3.63967786	2.801891942
F9	0	2.599036656	0	0
Agmat	0	2.617767739	0	0
Rac1	0	2.630594826	3.554663115	3.209544451
Pcsk6	0	2.640709668	1.975953285	2.180183397
Angpt2	0	2.641861628	0	0
Asah1	0	2.686712946	2.459687214	2.288815313
Man1a	0	2.687445228	3.133379109	0
Lsr	0	2.68903369	2.817469094	3.4193075
Dusp3	0	2.691199113	3.331075813	3.538473886
Otub1	0	2.706164933	3.077676129	3.010151784
Rnh1	0	2.707474399	3.339524932	2.817437843
Amy1	0	2.710085459	2.715857842	0
Minpp1	0	2.712442703	2.709420266	2.535847708
Serpina11	0	2.71722583	0	0
Smoc1	0	2.738802833	0	2.208019623
Serpina7	0	2.748368618	0	0
Gnptg	0	2.754398009	0	0
Pef1	0	2.755206163	2.479414835	2.66962476
Igsf8	0	2.762723952	2.668538383	0
Cnn2	0	2.76729137	3.208849542	3.757917211
Plod3	0	2.777154379	2.482540754	2.539427386
App	0	2.779876885	3.126256745	3.058306546
B4galt1	0	2.793390009	2.53159915	1.545148864
Lgmn	0	2.809224744	2.214199176	3.206426346
Hprt	0	2.818204051	3.337117233	3.46534436
Adam10	0	2.821241968	2.904684194	2.488094878
Gpc4	0	2.833503163	0	1.379302339
Ctbs	0	2.84686105	2.053748923	0
Ifnar2	0	2.866063457	2.635532665	2.646416596
Golm1	0	2.890129268	3.102038934	3.033073839
AI182371	0	2.893818712	0	0
Serpina10	0	2.90831	2.628983872	1.653060415
Cotl1	0	2.913066501	2.906892557	3.025175135
Bmp1	0	2.928721611	2.763585255	2.825834939
Tpp1	0	2.933238064	3.025752563	3.214083067
Sparc	0	2.949020369	3.201210192	3.160550354
Sh3bgrl3	0	2.957670157	3.996678556	3.986956511
Pros1	0	2.970091362	2.94153356	2.550324659
Kera	0	3.00205201	2.532459506	3.182339262
Rtn4	0	3.009380751	3.064668146	3.750104013
Rhoc	0	3.009606635	3.240536985	3.208888212
Cel	0	3.015348449	0	0
Arf1	0	3.015467003	3.571271547	3.384582093
Csf1	0	3.035340543	2.972408499	3.173067281
Cfi	0	3.051164821	2.659331068	0
Cdc42	0	3.053008604	2.888044121	3.322208623
Ppt1	0	3.080837594	2.44898268	2.235294662
Bst2	0	3.087289205	0	0
Fkbp2	0	3.093416087	3.114047275	0
St6gal1	0	3.093985165	2.986541179	2.850082391
Fbln2	0	3.098982455	4.046616717	4.403182942
Ctsh	0	3.103421752	2.680520367	0
Tsku	0	3.110947456	1.763491325	0
Fst	0	3.125643116	2.781443892	2.211058914
Vtn	0	3.129661801	0	0
Cdh2	0	3.130007158	3.554416632	3.705625759
Col4a2	0	3.144317993	3.249780124	3.48805499
Lman2	0	3.151183706	2.661194969	0
Tceb2	0	3.160087263	0	3.569768078
C1ra	0	3.16054429	2.246947109	0
Pla1a	0	3.161557701	2.685295506	2.790252141
Gm6484	0	3.161850254	2.478801338	2.316431681
Hgfac	0	3.214360938	0	0
Arpc5l	0	3.22232023	3.020132791	0
Psap	0	3.231219483	3.396010463	3.756387901
Sdcbp	0	3.237964869	3.191115916	2.706023906
Bax	0	3.24489282	3.159731778	3.344431992
Psmd14	0	3.284800231	3.019577475	0
Ggh	0	3.288720049	2.993530071	3.67431909
Tpm4	0	3.298685923	3.85571173	4.325083691
Angptl4	0	3.308658769	2.944244472	2.769438883
Gm2a	0	3.313363764	0	3.375021483
Snrpe	0	3.313520577	3.251716913	3.134539222
Mmp14	0	3.332087153	3.24092379	3.17422447
Vat1	0	3.334807856	3.766268758	4.059291749
Ctla2a	0	3.338467611	3.531047734	3.773385192
Igfbp7	0	3.339689209	4.269905154	4.825897283
Clic1	0	3.340146143	3.790751638	4.349081713
Apoh	0	3.394413629	0	0
S100a10	0	3.40486942	4.055909303	4.445372168
Rnaset2b	0	3.410204262	2.877042626	2.8634233
Mfge8	0	3.452560097	3.446155243	3.190543391
Cd44	0	3.465182363	3.511273178	3.068195453
D17Wsu104e	0	3.466445985	3.351029299	4.04410508
Atp6ap1	0	3.542047025	3.02768631	2.543921409
Grn	0	3.544202487	2.717910898	3.19238412
Ngf	0	3.560646802	3.148176321	2.991204086
C8g	0	3.570767067	0	0
Il1f9	0	3.601101151	0	0
Lgals3bp	0	3.603293801	3.517203396	3.310421049
Hbegf	0	3.664951183	3.09452657	0
Dbnl	0	3.667390826	2.207733158	2.269340758
Spon2	0	3.67295878	3.96058276	3.768001691
Fgl1	0	3.676819201	0	0
Lcn2	0	3.677232899	2.803835571	0
Krt14	0	3.679589359	3.538000576	3.242279829
Tcn2	0	3.69212194	3.748669987	3.659067839
Krt15	0	3.696481245	3.507941838	3.349026872
Krt10	0	3.698512885	3.883583283	3.394613953
Lgals3	0	3.738615089	4.322669778	4.483615707
Mup14	0	3.750945268	3.236848589	0
Ecm1	0	3.757672515	3.924131276	3.904785557
Cpe	0	3.762281005	3.564738598	3.961451497
Ctgf	0	3.775301318	3.968272092	4.063477426
Il18bp	0	3.810951936	0	0
Hspb1	0	3.813974476	4.144046098	4.433642539
Tinagl1	0	3.826343631	4.295407094	3.903550379
Qpct	0	3.827742468	3.571482415	3.514708315
Cstb	0	3.880742046	4.351276408	4.425467809
Ambp	0	3.882981111	3.676764554	1.949566322
Rarres2	0	3.947330788	0	0
Atp6ap2	0	3.990829939	3.667046591	3.400206714
Sdc4	0	4.076117027	3.955676951	3.136799685
Ccl20	0	4.142497592	4.457454537	4.633621398
Plaur	0	4.225961718	3.643363218	2.944149209
Tagln2	0	4.228596293	4.780063201	5.081365421
Hpx	0	4.301192854	3.854708693	0
Cst3	0	4.327147018	4.605278635	3.886565007
Spp1	0	4.352012045	4.387655681	3.812980177
Serpine1	0	4.37393326	4.530659379	4.498184938
Igf1	0	4.374684761	4.556920669	3.764038458
Ccl2	0	4.409972845	4.461372891	3.937173723
Dync1h1	0.548323585	1.645794729	1.598356716	1.954250757
Plec	0.860122544	1.158430376	1.37783113	1.782241919
Tg	0.916342787	0	0	0
Pcnt	0.91793343	0	0	0
C2	0.933331365	2.991692704	2.737293723	2.611686315
Iigp1	1.006753566	0	1.146194874	0
Gart	1.032281123	0	2.042129738	2.219067456
7-Sep	1.209845309	1.818504418	2.765927976	3.152218809
11-Sep	1.227132944	2.077863261	2.727887148	3.794083751
Psmd7	1.346543302	2.757061263	2.731219179	2.981573923
Col4a5	1.395641684	0	0	0
Masp1	1.412987495	0	2.028372666	2.399191182
Iqgap2	1.475644354	3.456344108	1.874189622	0
Plod1	1.535450673	3.118707261	2.639827554	2.696601794
Fetub	1.583485886	3.597418122	2.435897146	0
Plaa	1.584961479	0	1.55921054	0
Lbp	1.665937302	2.979629043	2.120926291	2.301731581
Eif6	1.678956587	3.038975219	3.84907278	3.912090781
Arsb	1.698777525	1.134148268	1.358706009	0
Lamc1	1.729895403	1.976869679	1.876288171	0
Hc	1.752082401	1.577908188	0	0
Acp5	1.753743017	3.136571053	2.732445774	0
Psmd3	1.813982896	1.957915659	2.278694316	2.085884669
Actr3	1.832847369	2.804246888	3.14483243	2.939417746
Igfals	1.833168241	2.657988602	2.039660455	0
Snx2	1.835230409	2.28994445	3.157051948	2.58111094
Col2a1	1.836723102	0	0	2.291057735
F5	1.842896447	2.43620154	2.408126909	1.888065192
Nid1	1.853172723	3.992297643	4.140009434	3.711770243
Cacna2d1	1.865059535	0	0	0
Sdc1	1.866465286	4.060007855	3.283547629	3.445671331
Sema4c	1.891162096	0	0	0
St13	1.903079639	2.797953566	3.246634798	3.2036519
Myh11	1.91673123	1.21011164	2.10057469	2.397488017
Cd14	1.948310586	3.346667876	2.98867035	2.245006548
Hnrnpm	1.974443798	2.264362038	1.681207624	2.035923143
Gda	1.974825232	0	0	0
Apcs	1.977735163	0	0	0
Pafah1b2	1.989765582	3.020213717	3.265279013	3.495758604
Spen	1.991773788	0	0	0
Clic4	1.995699011	2.816475819	3.406560468	3.633765994
Dnaja2	2.004828322	0	2.235445142	2.324412779
Flnb	2.00853209	2.637785215	3.153744808	3.40520325
Eif3h	2.010215075	2.150578365	2.058058845	2.038743494
Txnrd1	2.012693581	3.025040965	3.156881803	3.276248564
Rbmxl1	2.014646167	1.784186201	2.02865858	2.113583564
Tln1	2.031052795	2.223215302	2.361861602	2.714130412
C6	2.042046371	1.7780686	0	0
Psmc5	2.051071816	2.574012478	2.633964057	2.735107701
Fam162a	2.052274799	0	0	0
Psmd12	2.052552851	0	2.546320752	1.993981691
Cpn1	2.062730261	3.42012074	2.970311995	2.761730181
Rnpep	2.067553086	0	0	2.893012635
Ruvbl2	2.079053389	1.545115053	2.563503416	2.695769305
Hadhb	2.085459846	2.280943754	2.314946896	0
Cdh13	2.087943609	0	0	2.101220341
Eif2a	2.089543692	0	2.429007754	2.406776963
Pkm	2.090309954	3.560558542	4.260918882	4.415207343
Gyk	2.10529611	0	0	0
Lrg1	2.116759741	3.295330609	0	0
Gars	2.121860569	2.403496718	3.199215084	3.389549666
Galk1	2.125521091	2.254953696	2.423666759	0
Afm	2.131431912	2.631663522	2.207832783	0
Ap2m1	2.142367111	0	2.648728136	1.939230561
Cdc37	2.145615511	0	2.516344257	2.554618763
Nt5c	2.149872419	2.655265252	3.242713185	3.257534701
Chid1	2.151447437	0	0	2.030054548
Atp5j2	2.159082041	0	0	0
Tars	2.169578374	1.847011176	2.385845382	1.964534165
Myh9	2.170872142	2.312704576	2.660652983	3.077671019
Cox4i1	2.173667922	2.76621674	0	0
Rab7	2.176385111	3.130244566	3.335128715	3.082287421
Pdcd6ip	2.177949541	2.131649126	2.819808801	3.242168486
Actn1	2.179331955	3.360075958	3.749315221	3.971570023
Mvp	2.181186063	2.351771374	2.946153174	2.964163803
Cct4	2.184423715	2.168769143	2.859039247	3.092616198
Scrn2	2.192045415	2.316273388	1.848816049	0
Dpp3	2.193262439	1.641774406	2.795814479	2.576470835
Postn	2.201452884	2.61774702	2.322783302	2.576964396
Tgm2	2.232859672	3.105848888	3.196306155	2.888590578
Hspa13	2.240074204	3.046264021	1.677436806	2.951548832
Gaa	2.245370544	2.426894277	1.486870717	1.461639201
Xylb	2.249195017	0	0	0
Psmb5	2.257620203	3.041454002	3.509489995	3.320742129
Pcsk9	2.260540889	3.490118134	3.251565375	2.806327757
Hdlbp	2.274531697	1.88728734	1.74709944	1.997022374
Gpd1l	2.278835135	2.079350714	2.326625261	0
Atp6v1a	2.281407209	2.066684421	2.285670042	2.560899782
Aldh16a1	2.289026927	0	1.85672533	0
Aars	2.289255643	1.442228444	2.172563842	2.025236004
Dnajc3	2.299570864	2.447655234	2.3993117	2.278499933
Cdh1	2.303700377	3.56997462	3.3885187	2.978016071
Tcp1	2.309115387	2.530960263	2.814814243	2.918617885
Copa	2.311899213	2.151578645	2.013002198	1.889203564
Snx12	2.314088206	0	2.936884849	2.832020995
Arpc1b	2.323974445	3.096744598	3.439906294	3.32664207
Bola1	2.325264539	2.035847057	2.107298595	0
Lta4h	2.327115997	0	2.500030809	2.313398863
Pdzk1	2.341442484	0	0	0
Ppa2	2.354116387	2.46067446	2.301960599	0
Cct3	2.361769857	2.103245291	3.125377441	3.186753767
Mbl2	2.363889262	3.216819277	3.063260668	0
Cacybp	2.387695266	0	2.216633702	2.121653961
Nme3	2.392624425	1.951738624	0	0
Gpld1	2.408152999	2.877940825	2.096658655	0
C1qbp	2.417358291	2.560989388	2.544346105	0
Pgd	2.421102321	3.109750404	3.847796528	3.93585383
Gamt	2.43024768	3.012472765	0	2.425111775
Ttc38	2.43112593	0	0	0
Wdr1	2.432463298	3.168029299	3.487766909	3.525858149
Ghr	2.434582109	2.366987952	2.439131459	2.221960516
Pdxk	2.435955963	0	0	0
Sdf4	2.443185568	3.130484479	3.346373449	3.497209528
Cand1	2.445074479	1.620660664	1.962707769	2.553895007
Vcl	2.459758682	2.7418732	3.037656564	3.019118422
Nampt	2.464156825	2.187146233	0	1.863825436
C8b	2.466762222	2.981864626	0	0
Hspa4	2.468011422	2.119892633	2.961317985	2.869964828
Dpp4	2.471643178	1.725068162	2.138239035	0
Ptbp1	2.473468243	2.79415293	2.829439465	3.119269045
Cct7	2.476975351	2.386722261	3.010314806	3.089703811
Gss	2.482797709	2.618308308	2.805921857	2.551457367
Slc27a2	2.483177724	0	0	0
Cp	2.492941445	4.073993203	4.083452843	3.582636887
Eif3b	2.495598932	1.837551972	2.105652402	2.129778356
Cyr61	2.502069803	3.242666461	2.92062096	2.875767841
Myg1	2.519705964	0	2.398909441	2.624580988
1300017J02Rik	2.524686813	3.29530587	2.562889084	0
Apoa5	2.52786582	2.744283052	0	0
Ppp2r1a	2.530373094	2.80337663	3.098145693	3.334456223
C8a	2.531090005	1.730276066	0	0
Pfdn2	2.541451589	0	2.915878459	2.835753475
Psme1	2.545161468	0	2.916110653	3.102123445
Ostf1	2.551649961	2.240360651	3.086067462	3.233371307
Actr2	2.555701076	2.900551406	3.224802051	3.167495527
Apol8	2.562304574	0	0	0
Coro1b	2.570907919	2.793343929	2.378427047	2.613751284
Ola1	2.574889078	0	2.179692125	2.764398666
Apob	2.584639761	3.219662209	2.385411964	1.911405911
Txnl1	2.586319373	0	3.629632336	3.720780428
Coasy	2.586434554	0	0	0
Snrpd3	2.603118481	0	2.822569146	0
Pitpnb	2.60358094	0	0	0
Ddc	2.604221417	0	2.021359006	0
Atic	2.608836244	2.515846884	3.39065286	3.177533491
Igfbp6	2.608998418	3.275018772	2.689078171	2.971062373
Psmb4	2.615445605	2.690772114	3.530502166	3.40656636
Ppp1ca	2.616287723	2.685055468	2.831990558	3.420662555
Prg4	2.616943779	2.973257948	1.805777774	0
Dars	2.619596279	2.132420234	2.34976484	2.686669528
Cryl1	2.623346876	0	0	0
Hrg	2.626599469	2.458659858	0	0
Pgls	2.62819645	2.394335318	3.311166429	2.988392463
Lcp1	2.631830735	3.21867943	3.390591571	3.414243824
Inhba	2.632215577	3.533811194	3.852477546	3.927105975
Gc	2.641514872	4.343087045	3.875634863	2.925764779
Ybx1	2.641754913	2.979320583	3.161300877	2.871776692
Arpc2	2.643729958	2.883476826	3.237532073	2.930085564
Mmp2	2.643827356	2.786806155	2.314725656	0
Angptl3	2.651811005	2.703387317	0	0
Cct8	2.653214175	2.849624745	3.276574356	3.317785467
Atp1a1	2.654796714	2.267020116	0	0
Nedd8	2.667032188	0	3.345069289	3.270308222
Isoc1	2.675456302	2.006013528	0	0
Cntn1	2.686133807	2.303297264	1.789648421	2.102400743
Gsr	2.686151264	2.505616195	2.961931614	2.062920827
Sars	2.687623718	2.651617604	2.794461561	3.044165291
Dera	2.690167881	0	0	0
Vim	2.6919381	3.640291994	4.37107536	4.678568518
Erp29	2.697034534	2.824978799	2.582078021	3.101359746
Gnb1	2.700211314	2.870573086	3.266314578	3.630902615
Nars	2.705675444	2.171205331	2.769990947	2.800453714
Sil1	2.707740232	2.789464349	0	2.265160179
Pabpc1	2.70810788	2.840606474	2.972953752	2.960557484
Cct2	2.710293307	2.694980569	3.157693063	3.227807842
Qsox1	2.712403567	3.958337441	3.460381288	3.185886231
Ube2d3	2.716937674	3.428247148	4.03956873	3.467174684
C9	2.718684276	2.996207815	0	0
Pmm2	2.720189739	0	2.199652788	1.783876193
C4b	2.731058227	3.388912623	2.430840534	2.306820042
Banf1	2.731381591	2.727211902	3.235618273	3.542477742
Ufc1	2.736101848	0	2.87324205	0
Rab14	2.737173916	2.29573993	3.030536823	3.004595672
Pon1	2.740639971	3.493303414	0	0
C1qtnf3	2.745251785	0	0	0
Sucla2	2.748119945	2.530459968	0	0
Psma2	2.750659341	3.155806506	3.541974525	3.502557109
Itih1	2.761269973	3.098629131	0	0
Des	2.76708574	2.852312973	3.875915506	3.987052223
Gdf15	2.768027087	3.395052168	3.689789691	3.742256089
Srsf1	2.778545061	0	2.248922084	1.548201504
Cndp2	2.782098225	3.064392806	3.440441624	3.506660549
Srsf2	2.785768472	2.28965446	2.617450652	2.86626535
Ctsc	2.789565297	3.66067948	0	2.333476662
Clec11a	2.789722015	3.589604211	2.801234073	2.938461206
Cap1	2.792127727	3.394810494	3.849043075	4.126090911
Flrt1	2.795854435	0	0	0
Pm20d1	2.796844115	0	0	0
Mup10	2.796944541	3.848565606	3.038643057	0
Ssbp1	2.797407518	2.182408311	0	0
Pcca	2.802075871	2.332231461	2.155107358	0
Psmb2	2.82165577	2.984133052	3.058074726	2.944524086
Hdgf	2.823645753	2.910495488	3.352379942	3.510558666
Kpnb1	2.824455637	2.726738519	3.085235625	3.191449969
Lox	2.825082684	3.138873716	3.305036771	3.387149018
Tsta3	2.830399404	2.023379452	2.653967485	2.260996206
Lipc	2.832745578	2.90015889	0	0
Hnrnpd	2.841391075	2.240977269	3.082201898	2.806077791
Msn	2.843572628	2.91104375	3.783782863	4.16160839
Hnrnpa1	2.848701383	2.677844034	3.374794214	3.457670483
Hmgb2	2.850739794	2.813521305	3.365745232	3.279559923
Ezr	2.853395539	2.873323361	3.590399135	4.257539081
Bbox1	2.856350344	0	0	0
Gpi1	2.863270631	3.188593257	3.502236692	3.462917734
Creg1	2.86440335	3.463159711	3.190515971	3.304762958
Pck1	2.866765711	1.756557688	0	0
Rab1	2.869125963	2.128698698	3.060122718	2.995768004
Cct6a	2.873828783	2.626132163	2.979309929	3.319113017
Hyou1	2.878027303	2.138019721	1.623610784	1.496900831
Ppp1cb	2.878889313	0	2.204284421	2.745387216
Fbln1	2.882052055	3.563792318	3.527224201	3.46022688
Rab33b	2.89507217	2.104430123	3.17066669	3.154628629
Proc	2.910631366	3.478545473	2.886103336	0
Rab1b	2.919340745	2.128698698	3.43185812	3.178897204
Snx3	2.921910611	3.096220028	3.186020983	3.002146587
Mmp12	2.922293434	3.836637234	3.393024822	3.070542901
Gnb2	2.92491352	3.23807301	3.342159892	3.604629257
Iah1	2.925765914	0	2.539440451	0
Serpind1	2.928287563	3.351485376	3.089225751	3.409988571
Pigr	2.928868501	2.980490312	0	0
Trap1	2.93124525	3.049358737	3.534819976	3.709275954
Fmod	2.931641046	2.904653018	2.441962258	2.927215244
Trf	2.939845101	4.243534375	4.019176843	2.325387749
Comt	2.943949703	3.15084734	3.32587217	3.096410777
Nit1	2.945068731	2.201740208	2.598120335	0
Plg	2.948759953	3.511101096	0	0
Rdx	2.953731398	2.877602159	3.67272809	4.138934103
Arpc3	2.954091061	3.406911103	3.463238938	3.656635761
Il16	2.958571163	0	0	0
Gstk1	2.962258901	2.782892302	2.685116119	0
Eif3i	2.962673131	2.787635738	2.859073968	2.847558029
Rpl3	2.966609314	2.349522974	2.464653909	1.996411177
Rps27a	2.96978674	3.204514254	3.809627089	0
A2m	2.972848589	3.110922051	3.236527217	0
Txn1	2.974723177	2.973988776	3.490551201	3.022606564
Igfbp3	2.976034226	3.888878503	4.12380018	3.793776228
Eif3k	2.97916075	0	2.958737531	3.08700055
Pzp	2.980044477	3.465780373	3.028627833	2.726352909
Fasn	2.98302734	2.597477436	2.130097676	1.786301898
Rpl4	2.984872915	2.84495224	2.944510479	2.728937668
Dlst	2.987078771	2.638789568	2.510286987	0
Paics	2.988474558	2.399957508	3.050345217	3.01331813
Igfbp4	2.98886034	3.557301192	3.486636908	3.326849143
Shmt2	2.998014147	2.703799129	2.603266972	0
Arhgdia	3.00032423	3.428833636	4.139377359	4.110330021
Serping1	3.003667941	4.257093657	3.337877408	2.946242927
Cad	3.009900943	3.081533613	2.7918816	1.391706253
Cct5	3.010425182	2.541127899	2.872448536	3.13605747
Trmt112	3.010496193	3.411835733	3.227443151	3.136397163
Glod4	3.012316066	2.740339214	3.267897739	3.079969176
Calu	3.018480365	3.83761335	4.199252721	4.121284024
Glrx	3.020257594	0	3.458806638	0
Txndc17	3.021418669	2.881234723	3.567112442	3.397348197
Cpb2	3.025655992	3.995847379	3.038651186	2.389996861
Gbe1	3.027523812	2.884939668	2.822889433	2.802687137
Calr	3.027531466	3.380809599	3.214497733	3.400957869
F10	3.031171814	3.060759158	0	0
Psmd11	3.034261616	2.587481728	2.879839531	3.101656409
Msra	3.039070767	2.881234723	2.733623394	0
Ube2v1	3.04043856	2.748323004	3.609896925	3.83713493
Myh3	3.05063997	0	0	0
Lasp1	3.051858274	3.374535428	3.894634979	4.119032143
Psma3	3.054206652	2.964315209	3.288142682	2.992516779
Rpl14	3.057698174	3.179322437	2.948624565	1.709242377
Cyb5r3	3.070837014	0	0	2.436478864
H2afy	3.072708962	3.0271503	2.968934444	2.790628944
Rps3	3.080196239	3.492943351	3.577927718	3.387609643
Eif4a1	3.081237006	3.622009913	3.780109759	3.834117856
Sdhb	3.094734861	2.890134511	2.492355665	0
Prosc	3.103962651	0	2.687491343	0
Pygb	3.105637007	2.958408738	2.755635914	1.977627164
Mtpn	3.116920919	3.825403938	4.388048175	4.031826463
Apoa1bp	3.120598716	0	0	0
Dnpep	3.12296641	2.512634846	2.700742761	2.237320432
Pcbp2	3.12478354	3.095258135	3.215900973	3.295969359
Pgrmc1	3.125330164	2.929703385	3.088900439	2.935326423
Krt76	3.125922676	3.579942867	3.820537768	3.381418975
Abat	3.131583258	3.141338575	2.693114785	0
Glyat	3.132537924	3.367492769	2.688592002	0
Aco1	3.136226074	2.6974156	2.789193323	2.242491813
Tuba4a	3.136386746	3.805995663	4.377693765	4.202663611
Serbp1	3.139383769	2.266628394	2.834460362	2.81400551
Adm	3.144997094	3.32464578	2.622931874	1.787093345
Psmb1	3.147565181	3.001577708	3.276049491	3.168832271
Pcbp1	3.149774859	2.955449502	3.501960187	3.610500467
Hsp90b1	3.162746476	3.078511508	3.208565047	2.942201221
Krt79	3.166217271	3.774545288	3.788920635	3.388049807
Ganab	3.168444581	2.536237166	2.072053257	2.211655271
Chchd3	3.169996612	2.558330961	0	0
Bpnt1	3.170852978	2.597269567	2.97528002	3.257070901
Cmbl	3.172475207	2.066612953	2.556683551	0
Akr7a5	3.173950743	2.402945695	2.671359359	0
Cryz	3.176398831	2.908073512	2.838210033	2.858843921
Ahcyl1	3.176636748	3.062416958	2.693444489	2.504649055
Agt	3.17999869	3.701598183	3.256602057	2.757666804
Acly	3.183057223	2.635681101	2.293191506	2.231161117
Dcxr	3.186822016	2.400854886	0	0
Rnase4	3.207467529	3.530600493	3.494429812	3.773800101
Thbs1	3.217790351	3.964434247	3.99538539	4.182549652
Erp44	3.228828119	0	2.162182393	2.619889864
Rps16	3.229038224	3.559834988	3.265410155	3.29759945
Gdi2	3.232009721	3.176060406	3.314687458	3.504909268
Idh2	3.236238643	2.981508117	3.026753552	3.117390284
Orm1	3.242845569	4.090178839	2.689862096	0
Crip2	3.246468969	3.22008049	3.762083179	4.295646907
Gnb2l1	3.246775863	3.272123972	3.663699114	3.342400729
Psmd6	3.248520144	2.750435389	2.48903478	2.793811449
Ctsz	3.251114206	3.710876807	3.438789939	3.391940823
Apoa4	3.256919498	4.241742998	2.464337028	0
Hibch	3.260424811	2.906521783	2.443223344	0
Mthfd1	3.264613749	2.720683698	2.534336608	2.373135013
Cmpk1	3.268273038	3.06404201	3.478962046	3.49651018
Aimp1	3.275777797	0	2.594532073	2.496662698
Decr1	3.278660061	3.150248726	3.078951159	0
Nucb1	3.278720378	4.243510481	4.219705201	3.731051027
Nit2	3.27948852	2.913274559	2.997674733	0
Actn4	3.286778693	3.438126813	3.779074046	3.951062511
Krt2	3.293012178	3.785357515	3.912339784	3.368424157
Fgg	3.304915428	3.185697894	0	0
Krt73	3.31437523	3.879406112	3.779115696	3.39997912
Hspa9	3.314556309	3.160315499	3.181268222	2.713110316
Aldh6a1	3.314861538	2.932722478	2.327636525	0
Apon	3.320564963	0	0	0
Serpinf2	3.328310421	3.424028574	2.426570635	0
Pafah1b1	3.329189255	0	2.457710257	2.031738129
Pklr	3.330800739	3.246219612	3.620419536	3.572299977
Krt1	3.331116705	3.752577456	3.635903042	3.416720595
Dpys	3.331173684	2.609271573	2.374516966	0
Ctsb	3.332783176	4.36426301	3.761245228	3.941521522
Psma7	3.336672102	3.010929729	3.641551657	3.65255751
Orm2	3.341111712	4.129649329	2.745018994	0
F2	3.342699963	3.926060584	3.072641781	2.156102255
Hamp	3.348409684	3.917212927	3.19822754	0
Ech1	3.35000098	3.051119415	0	0
Rps13	3.358829463	3.245631154	3.458932309	2.481798713
Suclg1	3.370516275	3.01439464	2.133299406	1.62712605
Taldo1	3.389816895	3.296261095	3.811573762	3.727914594
Rpl26	3.394113244	2.797113827	3.038011956	3.009954316
Aldh8a1	3.396700615	3.15107985	2.337624023	0
Igfbp2	3.407603983	3.276586366	3.720505583	4.209177357
Pebp1	3.410084208	3.640155164	4.062002345	4.042346428
Glo1	3.412468028	3.069023941	2.992221526	1.919434152
Mug1	3.417262683	3.143133383	3.285941152	3.368057073
Slc9a3r1	3.417827518	2.853894809	3.304983336	3.166000068
Gsto1	3.427236718	3.231281259	3.850678549	4.113577577
Bsg	3.429298668	3.914683729	2.910134667	0
Vcp	3.433294978	3.213927727	3.601262855	3.536149555
Pygl	3.43414245	3.129505449	2.876220324	1.871359042
Rpl5	3.435742847	3.249683952	3.479071383	3.299983925
Cox5a	3.436179895	3.601318266	3.312094595	3.185674582
Galm	3.437797899	2.781036142	3.045193187	0
Sod2	3.439140214	3.733270344	3.531890799	0
Psma6	3.440828983	2.540562233	3.507271867	3.604339421
Sec13	3.446242952	3.100987115	0	3.53801426
Snd1	3.461699251	2.519538784	2.514061175	2.702818011
Capza2	3.465938168	3.128695064	3.484855113	3.715616857
Hsp90aa1	3.469891518	3.512801026	3.883329704	3.769751191
Rps5	3.475310083	3.24745379	3.387717032	3.30381966
Rps17	3.477224113	3.562044899	3.535298865	3.396900471
Rab11b	3.478883592	3.295705415	3.770206305	3.953253397
Tbca	3.479861869	3.042108741	3.238950615	3.346251178
Aldh9a1	3.482349057	2.960851333	2.823287582	2.403067574
Thbs4	3.487579037	3.023858066	3.079128822	3.084410883
Tubb6	3.498028538	4.035368311	4.206189179	4.37398847
Krt5	3.505172869	4.009606635	4.101873234	3.903550379
Rpl7	3.508840134	2.952717399	3.295008877	3.025738573
Acy3	3.509847587	1.996534781	2.487018838	0
Pdia6	3.541312383	2.977357395	2.963545625	3.052193118
Nqo2	3.542564257	2.682718618	3.141050013	3.404407222
Itih3	3.542858216	3.54964834	3.238900573	3.367982056
Ywhah	3.544718855	3.682400337	4.810522478	5.032030824
Acsm1	3.54739798	2.977906047	1.917136	0
4931406C07Rik	3.55393756	2.881029915	2.73548541	3.050107811
Echs1	3.556253613	3.344582518	2.560594153	0
Gpt	3.557068578	3.040311443	0	0
Pnpo	3.573658918	2.24975067	2.117515307	0
Cbr3	3.575192786	0	2.637903941	3.389028867
Lcat	3.575235983	3.17655178	2.997765652	0
Psma4	3.579576408	3.176827764	3.283484561	2.452818193
Atp5a1	3.580736707	3.757127172	3.366040836	3.244935038
Myl12b	3.587453352	3.993634225	4.187041806	4.283262008
Gsn	3.589116286	3.432768574	3.240468208	3.168078238
Shmt1	3.593356987	3.114480331	2.918513838	0
Esd	3.596159655	3.040010879	3.834864377	4.061229172
Apoc4	3.59741317	3.782474283	0	0
Ephx2	3.601749992	3.077662281	2.920357086	2.240046195
Rps15a	3.606236308	3.495662206	3.74662204	3.362073994
P4hb	3.608469522	3.442754981	3.123444094	3.231177543
Rpl24	3.612817594	0	3.504217028	3.658595283
Tubb2a	3.615914595	4.269543061	4.412344486	4.639653363
Tubb5	3.615914595	4.269543061	4.412344486	4.639653363
C3	3.618149707	4.082160122	3.264453728	2.823139831
Ddah1	3.619815841	0	3.773106712	4.137375406
Cfb	3.623646328	4.075645224	3.490072903	3.211061927
Eef1g	3.624839928	3.502136582	3.864852172	3.978891621
Rps18	3.632539787	4.233912574	3.905219452	3.756825486
Cfl2	3.634408158	4.50296901	4.679902594	4.539269981
Etfa	3.638724443	3.349103461	2.945619925	2.202158355
Ppib	3.642288039	3.280654972	3.71194874	3.659574097
Hsp90ab1	3.648229689	3.51693064	3.887459318	3.779493147
Apof	3.648945947	3.766950614	0	0
Ugp2	3.65075005	3.196622869	3.055896242	2.870732701
Dstn	3.651912248	3.875322366	4.061903722	3.940639336
Tst	3.657461114	3.066937626	3.388377981	0
Bphl	3.658552523	3.335045714	2.874838723	0
Rps4x	3.666592841	3.068788555	3.487013784	3.406017898
Fgb	3.666764127	3.053170022	0	0
Comp	3.675712221	3.175843913	3.197803217	3.27788618
Tubb1	3.677261565	3.826804491	4.056519879	4.261860437
Hspa1l	3.682057848	3.571157432	3.91831503	4.123635558
Krt19	3.682983257	3.803350094	4.040767732	3.849322523
Lap3	3.692213755	2.973821708	2.888773159	2.50666293
Spr	3.694882481	3.088603259	3.427884208	3.446768309
Ftcd	3.697668215	3.219842201	2.825233476	0
Lgals9	3.724630176	3.207587549	3.497307765	3.554232604
Krt8	3.726244418	3.99838385	4.213344669	4.215548952
Itih4	3.734602256	3.879981537	3.601793037	3.520861948
Treh	3.734901057	3.419188836	3.324752645	3.471667368
Ttr	3.735571125	4.055022027	3.635002884	0
Arpc4	3.751105405	3.647799556	3.909814571	3.92173462
Tubb4a	3.761165838	4.279527282	4.377728117	4.522713406
Glul	3.768145812	2.840266776	0	0
Rbp4	3.770133433	4.782412466	4.030709128	3.507899169
Tuba1a	3.773758384	4.020137027	4.468279892	4.55257455
Hgd	3.779577764	3.221958341	2.432057497	0
Krt18	3.7845906	4.010197395	4.285295674	4.130180724
Tkt	3.785623704	3.391083656	3.79559702	3.806113866
Eef2	3.789705962	3.383784524	3.831715666	3.902682625
Ces1c	3.790360747	4.146427034	3.08540512	0
Rpl10a	3.792712529	3.427259228	3.775418023	3.616258507
Sumo3	3.793144474	3.336851858	4.144964069	4.230182596
Tubb4b	3.794369496	4.269543061	4.399593301	4.512729185
Rplp2	3.79477227	4.131214227	3.980952925	3.997161968
Ywhaq	3.799966336	3.465478489	4.791138434	5.027558081
Hoga1	3.801727892	3.414273218	3.331211858	0
Ugdh	3.804716854	3.145359993	3.721918829	3.903188339
Idh1	3.813118401	3.343949551	3.539938495	3.338385593
Pbld1	3.814911522	2.996737937	2.836996948	0
Tpt1	3.816679833	3.966972557	4.420981257	4.4991397
Etfb	3.822616781	3.53124285	2.785669353	2.024965263
Bmp7	3.825530939	0	0	3.041614441
Azgp1	3.826688856	3.892746817	2.188607075	0
Cbr1	3.827142543	3.290045013	3.493819577	3.651565642
Rps14	3.833895972	3.378662167	3.418130548	3.623614054
Rps11	3.837411872	3.194361169	3.494985457	3.526916454
Gpd1	3.839427646	3.171882683	2.862911612	0
Aldh7a1	3.84423359	3.600647328	3.258033991	2.804881278
Prdx3	3.856112513	3.395453341	3.136779941	0
Saa3	3.860751794	4.132787338	3.06778488	0
Park7	3.868959924	3.753867144	3.979310934	4.028238093
Mup3	3.882473678	5.179420167	3.907462014	0
Lum	3.885936641	4.096658016	3.78695726	3.929852511
Akr1d1	3.890679965	3.056430475	0	0
Sod1	3.89426568	3.643701114	3.625297576	3.62941299
Ywhab	3.897458409	3.577059931	4.809175224	5.03827427
Rps19	3.900035589	3.492060319	3.800004696	3.757626581
Akr1b3	3.902622628	3.090494345	3.270469837	3.644127987
Fh1	3.910734972	3.369847648	2.99793671	2.550240634
Fga	3.912220824	3.227236155	1.891001188	0
Pfn1	3.920626274	4.419764337	4.568397054	4.901508281
Haao	3.920851823	3.287811766	3.205837737	0
Pgam1	3.93169707	3.875505161	4.059933013	4.060399382
Ppa1	3.936293906	3.496071381	3.664432576	3.358493833
Kng1	3.941706138	4.480155763	4.023419298	4.713201803
Adh5	3.957714548	3.237732285	3.406921657	3.227178091
Pah	3.962417268	1.916204278	0	0
Pdia3	3.964867294	3.550438418	3.592344664	3.947709938
Hspa5	3.969751289	3.584411002	3.508186096	3.816993832
Hebp1	3.973232747	2.699691629	0	0
Psmb6	3.980784283	3.622031056	3.749527954	3.678835221
Cat	3.987812097	3.496789823	3.22184483	3.265730928
Blvrb	4.003495818	3.425435033	3.904299746	4.155573153
Serpinc1	4.009973525	4.077113576	3.722130098	3.643472395
Hspa2	4.014877918	3.888125358	4.195375823	4.250174466
Myl6	4.029224118	3.83055019	4.28428922	4.644031085
Igfbp1	4.029429987	4.267486319	3.678226552	3.896633081
Cth	4.05248925	3.758015967	3.581444292	2.613127526
Ndufa4	4.05300466	4.043507646	3.56201574	0
Hspa8	4.053145512	3.958031422	4.256740278	4.299589195
Ywhaz	4.053735097	4.051184611	4.893935949	5.114115121
Grhpr	4.055176833	3.375651942	3.389658363	2.647453464
Cfl1	4.062195833	4.858781101	4.994397832	5.041256291
Rps20	4.070582433	3.697875152	3.823683271	3.984043169
Ywhae	4.071887253	3.792267766	4.786667907	5.033585347
Akr1e1	4.075114423	3.729323719	4.052709802	3.814092613
Pcbd1	4.079349326	3.642801285	3.92038119	0
Khk	4.092891125	3.31881576	2.858049689	2.165859765
Got1	4.099729626	3.563171388	3.507038984	3.039363435
Dak	4.105093374	3.663525428	3.266187505	2.606229129
Ywhag	4.116339923	3.84773797	4.861414699	5.064382843
Aldoc	4.11755547	4.309259419	4.171865976	3.812090515
Hagh	4.119275265	3.357288652	3.246525776	2.767471799
Scp2	4.120970361	3.578205548	3.066349055	2.724112848
Hspd1	4.135121942	4.157937188	3.492934821	2.899613457
Cxcl10	4.15711555	0	0	0
Ndrg2	4.161323771	3.189876103	1.960713901	0
Hp	4.174523276	4.681487301	3.056120009	0
Aldh1l1	4.184371005	3.676720644	3.360725048	2.311402103
Acat1	4.216142375	3.757636816	3.208878318	0
Qdpr	4.228736811	3.586193043	3.52581918	2.438969227
Clu	4.230267303	5.779465983	5.574358599	5.606021732
Ldha	4.238531119	4.293665268	4.475589377	4.178172102
Ctsl	4.249323518	4.695159243	4.219763338	4.555393598
Abhd14b	4.252459251	3.740536309	3.677477827	3.269578142
Serpinf1	4.256927571	4.906345443	4.516692761	4.048386334
Serpina1e	4.257948122	4.89925937	4.250868873	3.325632655
Eci1	4.337278472	3.950933429	3.606304955	2.916463828
Got2	4.362897286	4.025562903	3.948284945	3.169430027
Ak2	4.363183487	3.744210604	3.065985265	2.796054963
Atp5b	4.363593253	4.248324287	3.859019802	3.79035362
Hist1h1e	4.37351659	3.626478928	3.791077973	3.848116979
Prdx5	4.374663645	3.964653022	4.217836304	3.840911427
Hint1	4.388207956	3.886374362	4.325186722	4.396459289
Mdh1	4.395024671	3.971633452	3.897838546	3.542648627
Gpx1	4.408266857	4.096153544	3.923983667	3.094193456
Hist2h2bb	4.410445728	4.797254594	4.923772055	4.581825952
Hist1h2bm	4.410445728	4.797254594	4.923772055	4.581825952
Hist1h2be	4.410445728	4.797254594	4.923772055	4.581825952
B2m	4.424673254	5.440477899	5.415655399	4.913462094
Actbl2	4.454513232	5.03439165	5.13611103	5.296323581
Mdh2	4.457040409	4.115607362	3.919801165	3.535436859
Fah	4.460026722	3.814479379	3.605639101	2.68569601
Col1a2	4.46752873	4.506423894	3.875731717	3.571953825
Itih2	4.491571633	4.344697985	4.23927477	4.292185482
Col1a1	4.50430498	4.557270882	4.002228582	3.738225636
Prdx4	4.521980669	4.245001312	4.36101209	4.330009503
Akr1a1	4.538713711	3.884024633	3.864930434	4.269728002
Apoc1	4.55409473	5.139384722	3.922869304	3.07856529
Serpina3n	4.557762236	4.397533123	2.329179268	0
Sord	4.606709995	4.169659088	3.652608873	2.849697594
Tpi1	4.615553167	4.093361743	4.091857958	4.120805474
Acaa2	4.636234594	4.263881625	3.993145734	2.910810274
Vnn1	4.640202936	4.108215653	3.509064701	3.735782919
Alb	4.69027834	4.916403593	4.271807812	4.089467021
Fbp1	4.704937833	4.256535366	3.817445913	2.936371374
Bhmt2	4.757796416	4.37228296	3.805569578	0
Prdx1	4.813980734	4.518988372	4.764652756	4.76741085
Serpina3k	4.822574282	4.634186539	2.519211938	0
Dbi	4.833822046	4.358355978	4.551372244	4.085672641
Serpina1b	4.838500207	5.258664666	4.520067336	3.976741468
Saa2	4.842461328	4.95868915	2.562100888	0
Serpina1d	4.871257166	5.258664666	4.505133103	3.904806724
Serpina1c	4.889091511	5.245588428	4.564045684	3.901016416
Hspe1	4.890293596	4.543209246	4.452059505	4.180064958
Hist1h3i	4.906660618	4.631642206	4.798490723	4.596057947
Saa1	4.919259199	5.005552595	3.211045	0
Arg1	4.94196577	4.24778204	3.921181991	3.008215105
Actg2	4.97007612	5.138976179	5.460276588	5.546261528
Actc1	4.97007612	5.138976179	5.46277254	5.546261528
Actb	4.97007612	5.319005178	5.587400066	5.568311669
Ppia	5.025766058	4.693986662	5.103377891	5.340971362
Apoa1	5.082827473	4.928985597	4.483267274	4.803366134
Aldob	5.092561574	4.663492193	4.31331223	3.700754088
Apoc3	5.099702387	4.884431997	3.147159833	0
Hist1h4m	5.121967652	4.950286676	5.054017919	4.748753809
Mif	5.187508801	4.505535451	4.883829342	4.71388014
Apoa2	5.223954597	5.143992444	4.069667553	0
H2afx	5.266114576	4.673919442	4.942581653	4.588661264
Hrsp12	5.273775747	4.789192491	4.84529432	3.975917902
Fabp1	5.296324259	4.831711825	4.812481063	3.674884667
H2afv	5.304821897	4.70142508	4.966228243	4.775395069
Apoe	5.307270811	5.5034981	5.206214271	4.949616994
Hist2h2ac	5.348865604	4.88719767	5.029835783	4.732221574
Hist2h2ab	5.450835278	4.992825928	5.317350916	4.982426422
